1231232
3
5
34653
1231
234
5234
23
463
75467
23
1
4235
2
364
346
8
5796
54
6456
47456
8
8998
5
74
7456
3456534
1231232
3
5
34653
1231
234
5234
23
463
75467
23
1
4235
2
364
346
8
5796
54
6456
47456
8
8998
5
74
7456
3456534
1231232
3
5
34653
1231
234
5234
23
463
75467
23
1
4235
2
364
346
8
5796
54
6456
47456
8
8998
5
74
7456
3456534
1231232
3
5
34653
1231
234
5234
23
463
75467
23
1
4235
2
364
346
8
5796
54
6456
47456
8
8998
5
74
7456
3456534
1231232
3
5
34653
1231
234
5234
23
463
75467
23
1
4235
2
364
346
8
5796
54
6456
47456
8
8998
5
74
7456
3456534
1231232
3
5
34653
1231
234
5234
23
463
75467
23
1
4235
2
364
346
8
5796
54
6456
47456
8
8998
5
74
7456
3456534
1231232
3
5
34653
1231
234
5234
23
463
75467
23
1
4235
2
364
346
8
5796
54
6456
47456
8
8998
5
74
7456
3456534
1231232
3
5
34653
1231
234
5234
23
463
75467
23
1
4235
2
364
346
8
5796
54
6456
47456
8
8998
5
74
7456
3456534
1231232
3
5
34653
1231
234
5234
23
463
75467
23
1
4235
2
364
346
8
5796
54
6456
47456
8
8998
5
74
7456
3456534